time,targetY,playerY,dotStatus,score,numFishCaught,beatOffset,weight
0.1116304,0.08632019,0.8192139,OnTheLine,0,0,True,8
0.2231867,0.7738321,0.8804932,OnTheLine,0,0,True,8
0.3341832,2.11992,1.045715,OnTheLine,0,0,True,8
0.4859093,4.938495,1.096893,OnTheLine,0,0,True,8
0.5963644,7.652281,0.8559875,CloseEnough,0,0,True,8
0.7481427,12.04951,1.100159,CloseEnough,0,0,True,8
0.8998678,17.05941,2.058319,NotOnTheLine,0,0,True,8
1.011696,20.93114,2.058319,NotOnTheLine,0,0,True,8
1.121167,24.81812,3.697937,NotOnTheLine,0,0,True,8
1.273359,30.15647,5.723907,NotOnTheLine,0,0,True,8
1.384659,33.63502,5.723907,NotOnTheLine,0,0,True,8
1.497176,36.86618,5.969879,NotOnTheLine,0,0,True,8
1.607385,39.66048,6.453094,NotOnTheLine,0,0,True,8
1.718981,41.92803,8.449402,NotOnTheLine,0,0,True,8
1.830309,43.60328,8.449402,NotOnTheLine,0,0,True,8
1.941102,44.6385,8.449402,NotOnTheLine,0,0,True,8
2.05279,44.99978,8.449402,NotOnTheLine,0,0,True,8
2.204369,44.36655,9.618927,NotOnTheLine,0,0,True,8
2.345753,42.50896,13.19907,NotOnTheLine,0,0,True,8
2.497358,39.77161,23.15265,NotOnTheLine,0,0,True,8
2.639035,35.87438,41.61139,OnTheLine,0,0,True,8
2.790788,31.50996,48.63391,NotOnTheLine,0,0,True,8
2.945005,26.40873,42.82709,NotOnTheLine,0,0,True,8
3.086221,20.9887,32.69836,NotOnTheLine,0,0,True,8
3.195537,17.58047,28.10971,NotOnTheLine,0,0,True,8
3.307198,13.83594,22.69037,CloseEnough,0,0,True,8
3.460232,9.158287,12.94986,OnTheLine,0,0,True,8
3.613403,5.220041,9.016663,OnTheLine,0,0,True,8
3.754098,2.291308,4.974792,OnTheLine,0,0,True,8
3.904891,0.5936413,3.915436,OnTheLine,0,0,True,8
4.005826,0.04185051,3.882538,OnTheLine,0,0,True,8
4.114542,0.0948295,1.741272,OnTheLine,0,0,True,8
4.22603,0.8121407,3.371979,OnTheLine,40,0,True,8
4.367968,2.847152,2.689484,OnTheLine,40,0,True,8
4.518068,5.734886,3.150269,OnTheLine,40,0,True,8
4.61852,8.55455,3.348114,OnTheLine,40,0,True,8
4.727501,11.40552,7.224609,CloseEnough,40,0,True,8
4.869042,16.40057,12.66837,OnTheLine,40,0,True,8
4.978444,19.75021,17.53387,OnTheLine,40,0,True,8
5.13198,25.16751,26.78922,OnTheLine,40,0,True,8
5.28498,30.41726,32.4006,OnTheLine,80,0,True,8
5.42582,35.20868,36.14743,OnTheLine,80,0,True,8
5.579982,39.01741,39.26755,OnTheLine,80,0,True,8
5.692469,41.42583,45.04462,OnTheLine,80,0,True,8
5.814328,43.25999,50.24377,OnTheLine,80,0,True,8
5.914752,44.53395,52.55646,CloseEnough,80,0,True,8
6.023018,44.96986,49.28864,CloseEnough,80,0,True,8
6.176397,44.59763,44.6741,OnTheLine,80,0,True,8
6.329676,42.95179,41.33533,OnTheLine,120,0,True,8
6.431581,41.22349,38.20886,OnTheLine,120,0,True,8
6.563772,37.88364,33.0929,OnTheLine,120,0,True,8
6.718212,33.88299,26.35257,OnTheLine,120,0,True,8
6.860019,28.9112,15.00705,CloseEnough,120,0,True,8
7.011168,24.00559,10.51981,CloseEnough,120,0,True,8
7.164627,18.7009,6.629517,CloseEnough,120,0,True,8
7.305805,13.50654,2.526886,CloseEnough,144,0,True,8
7.415076,10.43742,2.166443,CloseEnough,144,0,True,8
7.527089,7.320224,3.176575,OnTheLine,144,0,True,8
7.668643,3.804043,2.987213,OnTheLine,144,0,True,8
7.777641,2.125362,1.762543,OnTheLine,144,0,True,8
7.889232,0.7636437,1.388702,OnTheLine,144,0,True,8
8.030239,0.005290657,2.268433,OnTheLine,144,0,True,8
8.181337,0.4439405,2.220886,OnTheLine,144,0,True,8
8.322072,2.125315,2.186768,OnTheLine,184,0,True,8
8.473714,4.733833,6.249603,OnTheLine,184,0,True,8
8.614312,8.462462,8.133484,OnTheLine,184,0,True,8
8.765898,12.71221,9.636383,OnTheLine,184,0,True,8
8.907216,17.71119,14.01086,OnTheLine,184,0,True,8
9.058883,22.67906,19.06268,OnTheLine,184,0,True,8
9.199692,27.9789,26.21179,OnTheLine,184,0,True,8
9.351659,32.62789,33.38461,OnTheLine,224,0,True,8
9.505434,37.08424,40.03687,OnTheLine,224,0,True,8
9.658357,40.7905,44.08313,OnTheLine,224,0,True,8
9.811026,43.39453,46.66498,OnTheLine,224,0,True,8
9.963726,44.78014,45.36728,OnTheLine,224,0,True,8
10.10516,44.89382,43.36685,OnTheLine,224,0,True,8
10.25686,43.88125,39.04123,OnTheLine,224,0,True,8
10.39703,41.60748,32.26657,CloseEnough,264,0,True,8
10.55018,38.53778,26.54089,CloseEnough,264,0,True,8
10.7021,34.28943,21.50839,CloseEnough,264,0,True,8
10.84225,29.46145,16.70148,CloseEnough,264,0,True,8
10.95325,26.08283,13.85693,CloseEnough,264,0,True,8
11.09362,20.71792,10.43713,CloseEnough,264,0,True,8
11.24549,15.82902,7.855957,CloseEnough,264,0,True,8
11.38616,10.95173,5.135254,OnTheLine,304,0,True,8
11.53793,6.980843,4.025787,OnTheLine,304,0,True,8
11.64959,4.417331,3.181763,OnTheLine,304,0,True,8
11.79007,1.757,1.941772,OnTheLine,304,0,True,8
11.94186,0.3478597,2.080444,OnTheLine,304,0,True,8
12.09496,0.04739866,2.272888,OnTheLine,304,0,True,8
12.23614,1.025768,1.776215,OnTheLine,304,0,True,8
12.38752,3.018897,3.2771,OnTheLine,344,0,True,8
12.54161,6.222077,4.595856,OnTheLine,344,0,True,8
12.66933,9.192724,6.39975,OnTheLine,344,0,True,8
12.77728,12.97055,9.464264,OnTheLine,344,0,True,8
12.8892,16.66396,12.66956,OnTheLine,344,0,True,8
13.00087,20.55792,17.63522,OnTheLine,344,0,True,8
13.11248,24.49781,23.564,OnTheLine,344,0,True,8
13.2236,28.34987,29.58151,OnTheLine,344,0,True,8
13.37604,33.4183,37.15509,OnTheLine,384,0,True,8
13.51762,37.7362,43.77512,OnTheLine,384,0,True,8
13.66823,41.02189,47.25302,OnTheLine,384,0,True,8
13.82203,43.49791,47.02762,OnTheLine,384,0,True,8
13.96322,44.8213,45.64102,OnTheLine,384,0,True,8
14.1154,44.89793,42.94006,OnTheLine,384,0,True,8
14.25685,43.76154,37.67899,OnTheLine,384,0,True,8
14.40695,41.62159,31.28683,CloseEnough,408,0,True,8
14.54792,38.2911,24.35892,CloseEnough,408,0,True,8
14.69991,34.3782,19.39944,NotOnTheLine,408,0,True,8
14.85284,29.45858,14.8606,NotOnTheLine,408,0,True,8
14.99298,24.26892,11.11554,CloseEnough,408,0,True,8
15.1454,19.26925,8.551636,CloseEnough,408,0,True,8
15.29862,14.12162,6.000854,CloseEnough,408,0,True,8
15.43967,9.373762,4.169525,OnTheLine,448,0,True,8
15.59121,5.688817,2.868347,OnTheLine,448,0,True,8
15.73229,2.638481,2.071869,OnTheLine,448,0,True,8
15.88365,0.8026779,2.793762,OnTheLine,448,0,True,8
15.98393,0.1459672,2.312561,OnTheLine,448,0,True,8
16.09627,0.0457263,1.856873,OnTheLine,448,0,True,8
16.21873,0.6373626,2.389282,OnTheLine,448,0,True,8
16.33005,2.061743,4.254425,OnTheLine,448,0,True,8
16.47094,4.869705,6.165131,OnTheLine,488,0,True,8
16.6215,8.400135,8.914612,OnTheLine,488,0,True,8
16.76376,12.88019,13.82773,OnTheLine,488,0,True,8
16.91492,17.55651,21.70703,OnTheLine,488,0,True,8
17.06743,23.01663,30.23679,OnTheLine,488,0,True,8
17.17911,26.85612,35.89462,CloseEnough,488,0,True,8
17.32027,31.96096,41.71719,CloseEnough,488,0,True,8
17.4716,36.1933,46.67178,CloseEnough,488,0,True,8
17.62567,40.04421,47.55524,CloseEnough,512,0,True,8
17.7783,42.91447,47.43567,OnTheLine,512,0,True,8
17.91902,44.56889,46.36957,OnTheLine,512,0,True,8
18.0287,44.97935,44.43103,OnTheLine,512,0,True,8
18.16943,44.56099,40.72577,OnTheLine,512,0,True,8
18.32148,43.0553,34.67178,CloseEnough,512,0,True,8
18.47392,40.26795,28.87888,CloseEnough,512,0,True,8
18.61482,36.52133,24.0726,CloseEnough,536,0,True,8
18.75487,32.33702,19.66391,CloseEnough,536,0,True,8
18.90575,27.69387,14.87256,CloseEnough,536,0,True,8
19.04774,22.38396,10.30417,CloseEnough,536,0,True,8
19.19801,17.43539,7.168945,CloseEnough,536,0,True,8
19.33871,12.42376,4.654541,CloseEnough,536,0,True,8
19.49129,8.250464,3.25412,OnTheLine,536,0,True,8
19.60285,5.467587,2.597198,OnTheLine,576,0,True,8
19.71386,3.15917,2.338654,OnTheLine,576,0,True,8
19.85461,0.9853243,2.859497,OnTheLine,576,0,True,8
20.00601,0.06456211,2.377777,OnTheLine,576,0,True,8
20.15954,0.2966912,3.018524,OnTheLine,576,0,True,8
20.30029,1.810867,5.635986,OnTheLine,576,0,True,8
20.45192,4.260571,7.72348,OnTheLine,576,0,True,8
20.59263,7.882563,10.83743,OnTheLine,616,0,True,8
20.74451,11.9665,15.37106,OnTheLine,616,0,True,8
20.8849,16.97192,22.51996,OnTheLine,616,0,True,8
20.9955,20.37561,27.92215,OnTheLine,616,0,True,8
21.13597,25.7531,36.40518,CloseEnough,616,0,True,8
21.28746,30.54902,43.76797,CloseEnough,616,0,True,8
21.42809,35.2888,48.69757,NotOnTheLine,616,0,True,8
21.57984,39.05293,48.3894,CloseEnough,640,0,True,8
21.73261,42.21059,48.0528,OnTheLine,640,0,True,8
21.88604,44.22144,46.75583,OnTheLine,640,0,True,8
22.02719,44.99237,42.72977,OnTheLine,640,0,True,8
22.13706,44.81921,38.54462,OnTheLine,640,0,True,8
22.28987,43.5015,32.20654,CloseEnough,640,0,True,8
22.43081,40.97493,25.99039,NotOnTheLine,640,0,True,8
22.58162,37.6795,20.74362,NotOnTheLine,640,0,True,8
22.72336,33.37083,15.06339,NotOnTheLine,640,0,True,8
22.87431,28.76345,11.03601,NotOnTheLine,640,0,True,8
23.02766,23.51291,8.045013,NotOnTheLine,640,0,True,8
23.16791,18.12214,5.744843,CloseEnough,640,0,True,8
23.3193,13.34342,4.392578,CloseEnough,640,0,True,8
23.46112,8.780737,2.972137,OnTheLine,640,0,True,8
23.61232,5.217802,2.723328,OnTheLine,680,0,True,8
23.75325,2.298974,3.079071,OnTheLine,680,0,True,8
23.90464,0.6208375,2.328003,OnTheLine,680,0,True,8
24.04552,0.000115335,2.554352,OnTheLine,680,0,True,8
24.19697,0.5625504,2.471375,OnTheLine,680,0,True,8
24.33876,2.365397,4.680084,OnTheLine,680,0,True,8
24.44776,4.126533,7.063812,OnTheLine,680,0,True,8
24.58911,7.769123,9.937347,OnTheLine,680,0,True,8
24.74057,11.84176,14.36127,OnTheLine,720,0,True,8
24.89366,16.91544,21.52487,OnTheLine,720,0,True,8
24.9938,20.71493,28.03723,OnTheLine,720,0,True,8
25.14398,25.70403,36.51382,CloseEnough,720,0,True,8
25.2853,30.83151,45.82953,CloseEnough,720,0,True,8
25.39559,33.92276,49.03729,NotOnTheLine,720,0,True,8
25.54877,38.27453,48.17007,CloseEnough,720,0,True,8
25.70174,41.59998,48.61826,CloseEnough,744,0,True,8
25.81363,43.38788,47.24033,OnTheLine,744,0,True,8
25.92493,44.52822,45.03726,OnTheLine,744,0,True,8
26.07773,44.98717,41.76099,OnTheLine,744,0,True,8
26.23036,44.13157,36.59222,OnTheLine,744,0,True,8
26.33094,42.94605,32.36899,CloseEnough,744,0,True,8
26.44334,40.96537,27.2254,CloseEnough,744,0,True,8
26.5655,38.43989,22.88412,NotOnTheLine,744,0,True,8
26.67732,35.11394,18.08902,NotOnTheLine,744,0,True,8
26.78824,31.67657,14.20605,NotOnTheLine,744,0,True,8
26.92875,26.55141,9.966888,NotOnTheLine,744,0,True,8
27.07941,21.55097,7.739685,NotOnTheLine,744,0,True,8
27.19175,17.7439,6.327759,CloseEnough,744,0,True,8
27.34443,12.64609,4.659485,CloseEnough,744,0,True,8
27.49826,8.086307,3.391693,OnTheLine,744,0,True,8
27.65114,4.373427,2.43866,OnTheLine,744,0,True,8
27.76287,2.341052,2.630341,OnTheLine,784,0,True,8
27.87492,0.9057324,2.234039,OnTheLine,784,0,True,8
27.98501,0.1309052,2.13446,OnTheLine,784,0,True,8
28.09707,0.04706874,2.318787,OnTheLine,784,0,True,8
28.2086,0.6433452,2.391663,OnTheLine,784,0,True,8
28.31972,1.90514,3.112823,OnTheLine,784,0,True,8
28.43122,3.796522,4.599091,OnTheLine,784,0,True,8
28.54352,6.282968,6.676514,OnTheLine,784,0,True,8
28.65364,9.209002,8.426239,OnTheLine,784,0,True,8
28.80769,13.91707,11.68088,OnTheLine,824,0,True,8
28.91817,17.67954,15.74301,OnTheLine,824,0,True,8
29.0596,23.02748,22.33768,OnTheLine,824,0,True,8
29.16864,26.45235,26.86047,OnTheLine,824,0,True,8
29.31028,31.6209,34.28125,OnTheLine,824,0,True,8
29.46071,35.93277,40.57028,OnTheLine,824,0,True,8
29.61436,39.83799,45.23514,OnTheLine,824,0,True,8
29.7675,42.76687,47.63748,OnTheLine,1664,1,True,8
29.92056,44.50294,48.42697,OnTheLine,1664,1,True,8
30.05997,44.99195,48.65649,OnTheLine,1664,1,True,8
30.21157,44.30033,47.67487,OnTheLine,1664,1,True,8
30.35248,42.3947,45.56229,OnTheLine,1664,1,True,8
30.50419,39.626,40.07144,OnTheLine,1664,1,True,8
30.65775,35.64864,33.34955,OnTheLine,1664,1,True,8
30.80979,30.91708,25.89355,OnTheLine,1704,1,True,8
30.95042,25.77198,19.78247,OnTheLine,1704,1,True,8
31.06078,22.33291,16.58401,OnTheLine,1704,1,True,8
31.20048,16.99891,11.84091,OnTheLine,1704,1,True,8
31.3525,12.36986,8.473541,OnTheLine,1704,1,True,8
31.4924,7.907836,6.068054,OnTheLine,1704,1,True,8
31.64434,4.518408,4.777649,OnTheLine,1704,1,True,8
31.75437,2.453138,3.697601,OnTheLine,1704,1,True,8
31.90623,0.6155777,3.295471,OnTheLine,1744,1,True,8
152.033,0.0684835,0.7000732,OnTheLine,1784,1,True,8
152.1753,0.3684108,0.69104,OnTheLine,1784,1,True,8
152.3253,1.792744,0.6492615,OnTheLine,1784,1,True,8
152.4785,4.440677,0.4945374,OnTheLine,1784,1,True,8
152.5906,7.077982,2.307983,CloseEnough,1784,1,True,8
152.6912,10.17781,5.28479,CloseEnough,1784,1,True,8
152.7968,13.35415,6.403778,CloseEnough,1784,1,True,8
152.9074,16.72837,8.784515,CloseEnough,1784,1,True,8
153.0211,20.69401,12.36707,CloseEnough,1784,1,True,8
153.1334,24.685,17.14667,CloseEnough,1808,1,True,8
153.2457,28.56782,22.91379,CloseEnough,1808,1,True,8
153.3459,32.25973,29.52228,OnTheLine,1808,1,True,8
153.4952,36.46465,39.68481,OnTheLine,1808,1,True,8
153.6073,39.29037,45.23029,OnTheLine,1808,1,True,8
153.7607,42.37021,48.39648,OnTheLine,1808,1,True,8
153.9136,44.3097,48.26892,OnTheLine,1808,1,True,8
154.054,44.99944,47.7619,OnTheLine,1808,1,True,8
154.1953,44.49994,47.93695,OnTheLine,1848,1,True,8
154.3036,43.52192,45.64511,OnTheLine,1848,1,True,8
154.4454,41.00251,40.69254,OnTheLine,1848,1,True,8
154.5545,38.83708,37.80963,OnTheLine,1848,1,True,8
154.655,35.87221,33.35193,OnTheLine,1848,1,True,8
154.7637,32.98568,27.67285,OnTheLine,1848,1,True,8
154.8754,29.32579,22.48904,OnTheLine,1848,1,True,8
155.0279,23.95514,17.91171,OnTheLine,1848,1,True,8
155.1809,18.64047,14.03296,OnTheLine,1888,1,True,8
155.3341,13.46842,10.51917,OnTheLine,1888,1,True,8
155.4879,8.825884,7.511932,OnTheLine,1888,1,True,8
155.6404,4.909977,5.70813,OnTheLine,1888,1,True,8
155.7409,2.767702,4.616333,OnTheLine,1888,1,True,8
155.8496,1.346962,3.574005,OnTheLine,1888,1,True,8
156.003,0.1296942,2.754364,OnTheLine,1888,1,True,8
156.1449,0.1962787,2.788208,OnTheLine,1928,1,True,8
156.2945,1.399771,1.977936,OnTheLine,1928,1,True,8
156.4357,3.82877,4.231995,OnTheLine,1928,1,True,8
156.5875,7.043993,7.656891,OnTheLine,1928,1,True,8
156.6987,10.07432,10.00748,OnTheLine,1928,1,True,8
156.8392,14.8694,15.23682,OnTheLine,1928,1,True,8
156.9478,18.15557,18.85159,OnTheLine,1928,1,True,8
157.1,23.51337,24.96387,OnTheLine,1928,1,True,8
157.2664,28.90508,32.6134,OnTheLine,1968,1,True,8
157.4199,34.19917,42.53568,OnTheLine,1968,1,True,8
157.5219,37.08688,45.95871,CloseEnough,1968,1,True,8
157.6241,39.64537,47.54489,CloseEnough,1968,1,True,8
157.7801,42.65285,47.86127,OnTheLine,1968,1,True,8
157.8913,44.10747,47.86258,OnTheLine,1968,1,True,8
158.0431,44.98358,47.05225,OnTheLine,1968,1,True,8
158.1993,44.55153,46.09744,OnTheLine,2008,1,True,8
158.3105,43.42077,43.22491,OnTheLine,2008,1,True,8
158.4321,41.66451,38.14386,OnTheLine,2008,1,True,8
158.5438,39.08617,33.76501,OnTheLine,2008,1,True,8
158.6842,35.00801,30.36438,OnTheLine,2008,1,True,8
158.8361,30.61655,26.39667,OnTheLine,2008,1,True,8
158.989,25.39626,21.71924,OnTheLine,2008,1,True,8
159.1426,20.01104,17.79266,OnTheLine,2008,1,True,8
159.2837,14.74228,13.80164,OnTheLine,2048,1,True,8
159.3929,11.63321,11.87759,OnTheLine,2048,1,True,8
159.5459,7.193801,8.913574,OnTheLine,2048,1,True,8
159.6864,3.746922,6.248505,OnTheLine,2048,1,True,8
159.8385,1.478076,4.82016,OnTheLine,2048,1,True,8
159.9796,0.1776575,4.228302,OnTheLine,2048,1,True,8
160.1303,0.1060666,3.622406,OnTheLine,2048,1,True,8
160.2838,1.231322,3.875458,OnTheLine,2088,1,True,8
160.4261,3.601222,3.954407,OnTheLine,2088,1,True,8
160.5754,6.760913,5.857483,OnTheLine,2088,1,True,8
160.7175,10.9808,8.566101,OnTheLine,2088,1,True,8
160.868,15.54735,11.56659,OnTheLine,2088,1,True,8
161.022,20.75084,15.73563,CloseEnough,2088,1,True,8
161.1622,26.13696,20.84265,CloseEnough,2088,1,True,8
161.2725,29.51069,24.37048,CloseEnough,2088,1,True,8
161.4138,34.38785,30.59323,CloseEnough,2112,1,True,8
161.5645,38.2974,36.74704,OnTheLine,2112,1,True,8
161.7184,41.61842,43.7619,OnTheLine,2112,1,True,8
161.8294,43.40521,45.95132,OnTheLine,2112,1,True,8
161.9827,44.7809,46.36874,OnTheLine,2112,1,True,8
162.1357,44.87627,47.3786,OnTheLine,2112,1,True,8
162.2776,43.7017,44.92468,OnTheLine,2112,1,True,8
162.3877,42.30574,43.69574,OnTheLine,2952,2,True,8
162.4984,40.10524,41.98013,OnTheLine,2952,2,True,8
162.6237,37.37312,36.4325,OnTheLine,2952,2,True,8
162.7493,33.79895,30.65738,OnTheLine,2952,2,True,8
162.8597,29.84522,25.06726,OnTheLine,2952,2,True,8
162.9716,25.9717,21.30713,OnTheLine,2952,2,True,8
163.0833,22.0854,18.59512,OnTheLine,2952,2,True,8
163.1947,18.17171,15.97626,OnTheLine,2952,2,True,8
163.3064,14.39271,13.15869,OnTheLine,2952,2,True,8
163.418,10.85738,10.38913,OnTheLine,2992,2,True,8
163.5284,7.68471,7.957153,OnTheLine,2992,2,True,8
163.6397,4.954944,5.782135,OnTheLine,2992,2,True,8
163.7521,2.780677,4.235565,OnTheLine,2992,2,True,8
163.8672,1.151244,3.922333,OnTheLine,2992,2,True,8
163.9838,0.2206962,3.591095,OnTheLine,2992,2,True,8
164.0974,0.01920998,3.115997,OnTheLine,2992,2,True,8
164.2235,0.5323689,3.048553,OnTheLine,2992,2,True,8
164.3481,1.926692,3.479675,OnTheLine,2992,2,True,8
164.4892,4.377518,4.720734,OnTheLine,3032,2,True,8
164.6284,7.702761,7.573608,OnTheLine,3032,2,True,8
164.7676,11.77446,10.48599,OnTheLine,3032,2,True,8
164.908,16.26845,14.03793,OnTheLine,3032,2,True,8
165.0468,21.13387,18.2002,OnTheLine,3032,2,True,8
165.1862,26.05926,23.81204,OnTheLine,3032,2,True,8
165.3251,30.76559,31.94888,OnTheLine,3032,2,True,8
165.4641,35.14664,40.97427,OnTheLine,3072,2,True,8
165.5763,38.51999,46.82889,CloseEnough,3072,2,True,8
165.6877,41.06457,46.7005,CloseEnough,3072,2,True,8
165.799,42.9683,46.41528,OnTheLine,3072,2,True,8
165.9109,44.28121,46.82993,OnTheLine,3072,2,True,8
166.0222,44.93117,45.96793,OnTheLine,3072,2,True,8
166.1341,44.89431,44.44766,OnTheLine,3072,2,True,8
166.2446,44.17127,42.22336,OnTheLine,3072,2,True,8
166.3563,42.78659,39.02185,OnTheLine,3072,2,True,8
166.4677,40.77882,34.461,OnTheLine,3112,2,True,8
166.5789,38.20984,29.86758,CloseEnough,3112,2,True,8
166.6897,35.1907,25.89642,CloseEnough,3112,2,True,8
166.8015,31.75172,21.58969,CloseEnough,3112,2,True,8
166.9132,28.01012,17.78378,CloseEnough,3112,2,True,8
167.0247,24.12972,14.2215,CloseEnough,3112,2,True,8
167.1363,20.20995,11.32846,CloseEnough,3112,2,True,8
167.2471,16.33157,9.461273,OnTheLine,3112,2,True,8
167.3585,12.64314,8.346497,OnTheLine,3112,2,True,8
167.47,9.294294,7.039215,OnTheLine,3152,2,True,8
167.5819,6.337048,5.61145,OnTheLine,3152,2,True,8
167.6936,3.864886,3.971497,OnTheLine,3152,2,True,8
167.8055,1.949967,2.955688,OnTheLine,3152,2,True,8
167.9167,0.6526928,1.901367,OnTheLine,3152,2,True,8
168.0278,0.05335584,2.28595,OnTheLine,3152,2,True,8
168.1387,0.1272923,2.389648,OnTheLine,3152,2,True,8
168.2504,0.8957975,1.824951,OnTheLine,3152,2,True,8
168.3613,2.307105,2.521484,OnTheLine,3152,2,True,8
168.4721,4.289822,5.307739,OnTheLine,3192,2,True,8
168.584,6.906649,7.41217,OnTheLine,3192,2,True,8
168.6965,9.989876,8.523804,OnTheLine,3192,2,True,8
168.8074,13.44052,11.31488,OnTheLine,3192,2,True,8
168.9193,17.16778,14.58572,OnTheLine,3192,2,True,8
169.0309,21.05776,18.50845,OnTheLine,3192,2,True,8
169.142,24.99815,23.29709,OnTheLine,3192,2,True,8
169.2533,28.8523,28.08176,OnTheLine,3192,2,True,8
169.366,32.50644,33.47064,OnTheLine,3192,2,True,8
169.4761,35.85053,38.32877,OnTheLine,3232,2,True,8
169.5908,38.88571,43.10785,OnTheLine,3232,2,True,8
169.7169,41.31949,46.06561,OnTheLine,3232,2,True,8
169.8667,43.54375,47.21979,OnTheLine,3232,2,True,8
169.9777,44.75798,47.48325,OnTheLine,3232,2,True,8
170.0889,44.99004,46.96234,OnTheLine,3232,2,True,8
170.2013,44.54025,46.69162,OnTheLine,3232,2,True,8
170.3117,43.417,45.08148,OnTheLine,3232,2,True,8
170.4231,41.6482,41.31189,OnTheLine,3232,2,True,8
170.535,39.29583,35.95505,OnTheLine,3272,2,True,8
170.6461,36.44122,30.49551,OnTheLine,3272,2,True,8
170.7573,33.1498,25.30222,OnTheLine,3272,2,True,8
170.8696,29.52702,20.54089,CloseEnough,3272,2,True,8
170.9802,25.71629,17.24701,CloseEnough,3272,2,True,8
171.0916,21.7479,14.27435,CloseEnough,3272,2,True,8
171.2169,17.82002,11.34351,OnTheLine,3272,2,True,8
171.3419,13.63166,8.215729,OnTheLine,3272,2,True,8
171.4537,9.778505,6.110779,OnTheLine,3272,2,True,8
171.5654,6.745253,4.793243,OnTheLine,3312,2,True,8
171.6768,4.189109,4.163116,OnTheLine,3312,2,True,8
171.7894,2.176754,3.463898,OnTheLine,3312,2,True,8
171.9146,0.6916947,2.815155,OnTheLine,3312,2,True,8
172.038,0.03049135,3.222778,OnTheLine,3312,2,True,8
172.1501,0.1724379,2.491333,OnTheLine,3312,2,True,8
172.262,0.9936928,1.844055,OnTheLine,3312,2,True,8
172.3731,2.475181,2.191254,OnTheLine,3312,2,True,8
172.4851,4.57272,2.674927,OnTheLine,3312,2,True,8
172.5962,7.203008,4.651733,OnTheLine,3352,2,True,8
172.7073,10.33452,6.485382,OnTheLine,3352,2,True,8
172.8185,13.80704,8.023193,CloseEnough,3352,2,True,8
172.9296,17.51725,10.15909,CloseEnough,3352,2,True,8
173.0414,21.42547,12.37994,CloseEnough,3352,2,True,8
173.1532,25.37836,15.02136,CloseEnough,3352,2,True,8
173.2646,29.23837,18.11966,NotOnTheLine,3352,2,True,8
173.3759,32.84517,20.91516,NotOnTheLine,3352,2,True,8
173.4877,36.15959,23.89597,NotOnTheLine,3352,2,True,8
173.6001,39.07119,27.00836,NotOnTheLine,3352,2,True,8
173.7231,41.50681,29.24942,NotOnTheLine,3352,2,True,8
173.8357,43.46902,31.16974,NotOnTheLine,3352,2,True,8
173.9467,44.56717,33.89993,NotOnTheLine,3352,2,True,8
174.0581,44.99548,37.0152,CloseEnough,3352,2,True,8
174.1715,44.71391,39.95288,CloseEnough,3352,2,True,8
174.281,43.78674,43.08047,OnTheLine,3352,2,True,8
174.3918,42.23115,45.17053,OnTheLine,3352,2,True,8
174.5034,40.01587,46.88165,OnTheLine,3352,2,True,8
174.6153,37.25795,48.69119,CloseEnough,3376,2,True,8
174.7264,34.10575,48.70151,NotOnTheLine,3376,2,True,8
174.8381,30.56442,47.37192,NotOnTheLine,3376,2,True,8
174.9498,26.78265,46.48624,NotOnTheLine,3376,2,True,8
175.0612,22.86588,43.30176,NotOnTheLine,3376,2,True,8
175.1724,18.9528,38.40668,NotOnTheLine,3376,2,True,8
175.2838,15.14149,32.39429,NotOnTheLine,3376,2,True,8
175.3952,11.54971,25.98196,NotOnTheLine,3376,2,True,8
175.5065,8.293284,19.8168,NotOnTheLine,3376,2,True,8
175.6182,5.474067,15.3363,CloseEnough,3376,2,True,8
175.7296,3.175251,11.79669,CloseEnough,3376,2,True,8
175.8401,1.446617,8.254395,CloseEnough,3376,2,True,8
175.9521,0.3920357,5.743561,CloseEnough,3376,2,True,8
176.0637,0.001648217,3.896729,OnTheLine,3376,2,True,8
176.1749,0.2993292,2.814545,OnTheLine,3376,2,True,8
176.2869,1.273424,2.843811,OnTheLine,3376,2,True,8
176.3975,2.884563,2.966064,OnTheLine,3376,2,True,8
176.5094,5.116866,3.241211,OnTheLine,3376,2,True,8
176.622,7.871449,3.169861,OnTheLine,3416,2,True,8
176.7322,11.06335,4.721649,CloseEnough,3416,2,True,8
176.8461,14.64358,7.569855,CloseEnough,3416,2,True,8
176.969,18.86562,10.96552,CloseEnough,3416,2,True,8
177.0806,22.80787,15.15598,CloseEnough,3416,2,True,8
177.1924,26.74627,20.1987,CloseEnough,3416,2,True,8
177.3032,30.54143,24.43881,CloseEnough,3416,2,True,8
177.4146,34.06179,28.01517,CloseEnough,3416,2,True,8
177.5264,37.25558,32.28772,CloseEnough,3416,2,True,8
177.6381,39.99235,36.54434,OnTheLine,3440,2,True,8
177.7492,42.19309,41.39114,OnTheLine,3440,2,True,8
177.8606,43.78038,44.77533,OnTheLine,3440,2,True,8
177.9727,44.72766,46.64716,OnTheLine,3440,2,True,8
178.0834,44.99609,48.30984,OnTheLine,3440,2,True,8
178.1951,44.57528,50.40762,OnTheLine,3440,2,True,8
178.3067,43.47739,51.35886,CloseEnough,3440,2,True,8
178.4179,41.75642,51.03238,CloseEnough,3440,2,True,8
178.5296,39.42859,49.95572,CloseEnough,3440,2,True,8
178.6406,36.58899,48.67123,NotOnTheLine,3464,2,True,8
178.7407,33.32058,47.57034,NotOnTheLine,3464,2,True,8
178.8454,30.03459,45.53278,NotOnTheLine,3464,2,True,8
178.9579,26.53588,43.22778,NotOnTheLine,3464,2,True,8
179.0707,22.54236,38.4133,NotOnTheLine,3464,2,True,8
179.1831,18.5847,32.10818,NotOnTheLine,3464,2,True,8
179.2946,14.78616,25.38477,NotOnTheLine,3464,2,True,8
179.4058,11.22117,20.78998,CloseEnough,3464,2,True,8
179.517,7.988568,16.57053,CloseEnough,3464,2,True,8
179.6285,5.204359,12.62762,CloseEnough,3488,2,True,8
179.7395,2.98871,9.918579,CloseEnough,3488,2,True,8
179.8505,1.335039,7.901978,CloseEnough,3488,2,True,8
179.9621,0.325242,5.814819,CloseEnough,3488,2,True,8
180.0732,6.571412e-05,4.210052,OnTheLine,3488,2,True,8
180.1845,0.3538638,3.879669,OnTheLine,3488,2,True,8
180.2962,1.384079,3.494446,OnTheLine,3488,2,True,8
180.4067,3.052978,3.024994,OnTheLine,3488,2,True,8
180.5182,5.320541,3.207581,OnTheLine,3488,2,True,8
180.6289,8.108244,3.683899,OnTheLine,3488,2,True,8
180.7406,11.33399,5.304169,CloseEnough,3528,2,True,8
180.852,14.91483,5.782227,CloseEnough,3528,2,True,8
180.9637,18.70815,7.6539,NotOnTheLine,3528,2,True,8
181.0891,22.66346,10.52194,NotOnTheLine,3528,2,True,8
181.2012,27.06551,15.01257,NotOnTheLine,3528,2,True,8
181.3122,30.79122,20.46417,NotOnTheLine,3528,2,True,8
181.4405,34.3239,25.7038,CloseEnough,3528,2,True,8
181.5647,37.94059,31.14212,CloseEnough,3528,2,True,8
181.7048,41.09772,37.21768,CloseEnough,3552,2,True,8
181.8404,43.53852,44.61444,OnTheLine,3552,2,True,8
181.952,44.6077,47.18924,OnTheLine,3552,2,True,8
182.0664,44.99838,48.81491,OnTheLine,3552,2,True,8
182.1744,44.70438,49.63577,OnTheLine,3552,2,True,8
182.286,43.731,50.13708,CloseEnough,3552,2,True,8
182.3978,42.10793,50.33643,CloseEnough,3552,2,True,8
182.5088,39.87588,50.6658,CloseEnough,3552,2,True,8
182.6203,37.1353,50.09827,NotOnTheLine,3552,2,True,8
182.7317,33.92006,49.15732,NotOnTheLine,3552,2,True,8
182.8427,30.40252,47.49252,NotOnTheLine,3552,2,True,8
182.9543,26.61153,43.82907,NotOnTheLine,3552,2,True,8
183.0667,22.68627,38.73969,NotOnTheLine,3552,2,True,8
183.1771,18.7522,32.20316,NotOnTheLine,3552,2,True,8
183.2887,14.95476,26.28409,NotOnTheLine,3552,2,True,8
183.4003,11.36379,20.83871,NotOnTheLine,3552,2,True,8
183.5118,8.155441,15.99429,CloseEnough,3552,2,True,8
183.6232,5.345722,11.80365,CloseEnough,3552,2,True,8
183.7347,3.083599,7.90094,CloseEnough,3576,2,True,8
183.8468,1.398533,5.204498,OnTheLine,3576,2,True,8
183.9569,0.361256,3.023407,OnTheLine,3576,2,True,8
184.0684,0.0001730025,0.9406433,OnTheLine,3576,2,True,8
304.1058,0.0001730025,0.1646423,OnTheLine,3616,2,True,8
304.2596,0.7528733,0.1280212,OnTheLine,3616,2,True,8
304.3615,1.931221,0.1439819,OnTheLine,3616,2,True,8
304.5065,4.585252,0.6040649,OnTheLine,3616,2,True,8
304.6075,6.89227,3.224976,OnTheLine,3616,2,True,8
304.7214,10.00838,5.201904,OnTheLine,3616,2,True,8
304.8456,13.59011,6.992004,CloseEnough,3616,2,True,8
304.9828,18.26279,11.32318,CloseEnough,3616,2,True,8
305.0949,22.50633,17.15302,CloseEnough,3616,2,True,8
305.2475,27.95501,26.96939,OnTheLine,3640,2,True,8
305.3893,32.91128,37.43436,OnTheLine,3640,2,True,8
305.5399,37.07507,43.27408,OnTheLine,3640,2,True,8
305.6406,39.76551,46.5582,OnTheLine,3640,2,True,8
305.7499,41.76743,48.72885,OnTheLine,3640,2,True,8
305.8503,43.5001,51.09891,CloseEnough,3640,2,True,8
305.9582,44.48101,51.07092,CloseEnough,3640,2,True,8
306.0991,44.99254,49.98376,OnTheLine,3640,2,True,8
306.209,44.63731,48.78485,OnTheLine,4480,3,True,8
306.3624,43.04528,44.81546,OnTheLine,4480,3,True,8
306.515,40.20883,38.15448,OnTheLine,4480,3,True,8
306.627,37.57381,33.43936,OnTheLine,4480,3,True,8
306.7389,34.44235,28.06531,OnTheLine,4480,3,True,8
306.8504,30.92321,22.45349,OnTheLine,4480,3,True,8
306.9616,27.17022,17.12997,CloseEnough,4480,3,True,8
307.0729,23.26934,12.17984,CloseEnough,4480,3,True,8
307.2258,17.91003,7.616302,CloseEnough,4504,3,True,8
307.3377,14.12397,6.2883,CloseEnough,4504,3,True,8
307.4492,10.6149,5.352783,OnTheLine,4504,3,True,8
307.5604,7.469123,3.451691,OnTheLine,4504,3,True,8
307.6717,4.78076,2.24472,OnTheLine,4504,3,True,8
307.7828,2.651219,2.029297,OnTheLine,4504,3,True,8
307.8946,1.11086,1.388123,OnTheLine,4504,3,True,8
308.0047,0.2238277,0.8643799,OnTheLine,4504,3,True,8
308.106,0.002873987,1.271606,OnTheLine,4504,3,True,8
308.2072,0.3489299,1.501343,OnTheLine,4544,3,True,8
308.309,1.388342,1.368073,OnTheLine,4544,3,True,8
308.4186,2.837985,2.939819,OnTheLine,4544,3,True,8
308.5193,5.065821,7.100311,OnTheLine,4544,3,True,8
308.6277,7.42993,9.71817,OnTheLine,4544,3,True,8
308.7805,11.83418,15.31607,OnTheLine,4544,3,True,8
308.9336,16.83962,23.09821,OnTheLine,4544,3,True,8
309.0442,20.73725,29.91959,OnTheLine,4544,3,True,8
309.1442,24.64356,36.45471,CloseEnough,4544,3,True,8
309.2529,28.01823,41.54739,CloseEnough,4568,3,True,8
309.4061,33.06612,46.80988,NotOnTheLine,4568,3,True,8
309.5065,36.3745,50.09033,NotOnTheLine,4568,3,True,8
309.6562,39.91086,51.58395,CloseEnough,4568,3,True,8
309.8099,42.77634,52.31265,CloseEnough,4568,3,True,8
309.9103,44.16981,52.56693,CloseEnough,4568,3,True,8
310.0597,44.97155,52.32645,CloseEnough,4568,3,True,8
310.2132,44.59902,51.00183,CloseEnough,4568,3,True,8
310.3139,43.545,48.95056,CloseEnough,4592,3,True,8
310.422,42.09715,46.2644,OnTheLine,4592,3,True,8
310.5751,38.89645,39.72064,OnTheLine,4592,3,True,8
310.7173,34.7446,32.10379,OnTheLine,4592,3,True,8
310.8258,31.73973,27.207,OnTheLine,4592,3,True,8
310.9263,28.00555,21.85361,OnTheLine,4592,3,True,8
311.0345,24.64179,17.88409,OnTheLine,4592,3,True,8
311.1462,20.67942,13.92004,OnTheLine,4592,3,True,8
311.2991,15.34236,9.819855,OnTheLine,4632,3,True,8
311.4389,10.54532,7.250671,OnTheLine,4632,3,True,8
311.5913,6.691617,4.862152,OnTheLine,4632,3,True,8
311.7319,3.328249,2.740448,OnTheLine,4632,3,True,8
311.8424,1.740544,2.071808,OnTheLine,4632,3,True,8
311.9544,0.5480048,1.416565,OnTheLine,4632,3,True,8
312.0661,0.02316356,1.291687,OnTheLine,4632,3,True,8
312.1765,0.1872396,1.464783,OnTheLine,4632,3,True,8
312.2883,1.037147,1.095306,OnTheLine,4632,3,True,8
312.3995,2.532665,0.7474365,OnTheLine,4672,3,True,8
312.511,4.640959,1.557617,OnTheLine,4672,3,True,8
312.6655,8.393874,5.483856,OnTheLine,4672,3,True,8
312.7893,12.09138,8.57486,OnTheLine,4672,3,True,8
312.9007,15.75076,12.6001,OnTheLine,4672,3,True,8
313.0126,19.6126,17.2597,OnTheLine,4672,3,True,8
313.1128,23.51722,22.15695,OnTheLine,4672,3,True,8
313.2211,26.93742,26.73248,OnTheLine,4672,3,True,8
313.3211,30.69684,31.64426,OnTheLine,4672,3,True,8
313.4296,33.78518,37.11917,OnTheLine,4712,3,True,8
313.5828,38.17028,43.71463,OnTheLine,4712,3,True,8
313.6835,40.69925,47.12405,OnTheLine,4712,3,True,8
313.7919,42.49583,48.56207,OnTheLine,4712,3,True,8
313.9462,44.38044,50.44168,OnTheLine,4712,3,True,8
314.0574,44.95993,50.94202,OnTheLine,4712,3,True,8
314.1686,44.84844,50.67215,CloseEnough,4712,3,True,8
314.2807,44.04353,49.47015,CloseEnough,4712,3,True,8
314.392,42.60249,46.93338,OnTheLine,4752,3,True,8
314.5024,40.54696,43.46179,OnTheLine,4752,3,True,8
314.6141,37.90467,37.45633,OnTheLine,4752,3,True,8
314.7258,34.83054,30.68484,OnTheLine,4752,3,True,8
314.8369,31.35739,24.12534,OnTheLine,4752,3,True,8
314.9388,27.99202,19.25513,CloseEnough,4752,3,True,8
315.041,24.42713,14.47507,CloseEnough,4752,3,True,8
315.197,18.9314,9.61322,CloseEnough,4752,3,True,8
315.3089,15.08247,6.636078,CloseEnough,4752,3,True,8
315.4206,11.48338,4.476776,CloseEnough,4776,3,True,8
315.576,7.073425,2.966797,OnTheLine,4776,3,True,8
315.6881,4.441097,1.912567,OnTheLine,4776,3,True,8
315.7997,2.372449,1.356689,OnTheLine,4776,3,True,8
315.922,0.8216048,1.115967,OnTheLine,4776,3,True,8
316.0639,0.01115397,1.441162,OnTheLine,4776,3,True,8
316.173,0.1624104,1.206665,OnTheLine,4776,3,True,8
316.2837,0.9841199,1.028595,OnTheLine,4776,3,True,8
316.4367,3.169536,2.30661,OnTheLine,4816,3,True,8
316.5486,5.478377,4.695801,OnTheLine,4816,3,True,8
316.6602,8.306453,6.111816,OnTheLine,4816,3,True,8
316.7606,11.56252,8.866119,OnTheLine,4816,3,True,8
316.8685,14.6781,12.14279,OnTheLine,4816,3,True,8
317.0217,19.9125,18.21881,OnTheLine,4816,3,True,8
317.1637,25.32216,25.2948,OnTheLine,4816,3,True,8
317.2726,28.681,30.84698,OnTheLine,4816,3,True,8
317.4259,33.67592,39.20261,OnTheLine,4816,3,True,8
317.5792,38.0687,45.06927,OnTheLine,4856,3,True,8
317.7191,41.43501,49.59457,CloseEnough,4856,3,True,8
317.8599,43.62245,51.44131,CloseEnough,4856,3,True,8
317.9693,44.56081,50.96436,CloseEnough,4856,3,True,8
318.1102,44.97945,52.00928,CloseEnough,4856,3,True,8
318.2198,44.56791,51.5459,CloseEnough,4856,3,True,8
318.3593,42.8942,47.823,CloseEnough,4856,3,True,8
318.4594,41.18971,43.68552,OnTheLine,4856,3,True,8
318.6089,37.97618,36.32974,OnTheLine,5696,4,True,8
318.7504,33.72695,26.00436,OnTheLine,5696,4,True,8
318.8603,30.61631,21.9325,CloseEnough,5696,4,True,8
318.9731,26.82294,18.11456,CloseEnough,5696,4,True,8
319.0833,22.89617,14.20886,CloseEnough,5696,4,True,8
319.1955,18.97164,11.10162,CloseEnough,5696,4,True,8
319.3063,15.1579,8.440216,OnTheLine,5696,4,True,8
319.4175,11.57595,6.548584,OnTheLine,5696,4,True,8
319.5289,8.311628,4.859558,OnTheLine,5736,4,True,8
319.6404,5.493032,3.387573,OnTheLine,5736,4,True,8
319.7518,3.17312,2.215942,OnTheLine,5736,4,True,8
319.8637,1.472336,1.48877,OnTheLine,5736,4,True,8
319.9754,0.3993434,1.428162,OnTheLine,5736,4,True,8
320.0859,0.0017488,1.413635,OnTheLine,5736,4,True,8
320.1976,0.2936482,2.575836,OnTheLine,5736,4,True,8
320.3098,1.263927,4.897675,OnTheLine,5736,4,True,8
320.4208,2.8907,5.423889,OnTheLine,5736,4,True,8
320.5325,5.112446,7.296204,OnTheLine,5776,4,True,8
320.6442,7.856537,9.089081,OnTheLine,5776,4,True,8
320.7555,11.04323,13.04947,OnTheLine,5776,4,True,8
320.8669,14.60554,17.9718,OnTheLine,5776,4,True,8
320.9781,18.40207,22.98608,OnTheLine,5776,4,True,8
321.0896,22.3261,29.20508,OnTheLine,5776,4,True,8
321.2011,26.24046,35.52563,CloseEnough,5776,4,True,8
321.3124,30.04077,42.0762,CloseEnough,5776,4,True,8
321.4234,33.61467,45.58606,CloseEnough,5776,4,True,8
321.5356,36.84972,47.69937,CloseEnough,5800,4,True,8
321.6462,39.70484,49.75778,CloseEnough,5800,4,True,8
321.7573,41.92802,51.82834,CloseEnough,5800,4,True,8
321.8692,43.60027,52.10309,CloseEnough,5800,4,True,8
321.9814,44.64005,51.6091,CloseEnough,5800,4,True,8
322.0919,44.99986,51.51352,CloseEnough,5800,4,True,8
322.2036,44.66978,50.6228,CloseEnough,5800,4,True,8
322.3145,43.66706,47.94696,OnTheLine,5800,4,True,8
322.4267,42.01592,43.75421,OnTheLine,5800,4,True,8
322.5385,39.76416,38.27661,OnTheLine,5840,4,True,8
322.6493,36.97808,32.86823,OnTheLine,5840,4,True,8
322.7603,33.78321,27.5343,OnTheLine,5840,4,True,8
322.8718,30.20184,22.53619,OnTheLine,5840,4,True,8
322.9846,26.3884,17.81531,OnTheLine,5840,4,True,8
323.1083,21.97579,12.634,CloseEnough,5840,4,True,8
323.2201,18.10683,9.074921,CloseEnough,5840,4,True,8
323.3316,14.32152,6.779327,CloseEnough,5840,4,True,8
323.4429,10.79464,4.971313,OnTheLine,5840,4,True,8
323.5547,7.628012,3.516022,OnTheLine,5880,4,True,8
323.6808,4.90924,2.243713,OnTheLine,5880,4,True,8
323.8051,2.286583,1.439941,OnTheLine,5880,4,True,8
323.9166,0.8802715,1.239014,OnTheLine,5880,4,True,8
324.0281,0.120859,1.201691,OnTheLine,5880,4,True,8
324.1396,0.05550966,1.330017,OnTheLine,5880,4,True,8
324.2522,0.6750463,1.382141,OnTheLine,5880,4,True,8
324.3625,1.952919,1.193756,OnTheLine,5880,4,True,8
324.4738,3.86433,1.847992,OnTheLine,5880,4,True,8
324.5995,6.704679,4.23349,OnTheLine,5920,4,True,8
324.7107,9.721438,6.975586,OnTheLine,5920,4,True,8
324.8217,13.15778,10.56238,OnTheLine,5920,4,True,8
324.9344,16.86689,15.22372,OnTheLine,5920,4,True,8
325.045,20.73023,20.56628,OnTheLine,5920,4,True,8
325.1564,24.66977,26.09979,OnTheLine,5920,4,True,8
325.2675,28.56846,30.8429,OnTheLine,5920,4,True,8
325.3793,32.21142,35.16473,OnTheLine,5920,4,True,8
325.4912,35.60027,39.39252,OnTheLine,5920,4,True,8
325.6021,38.59246,42.92578,OnTheLine,5960,4,True,8
325.7154,41.08396,45.15628,OnTheLine,5960,4,True,8
325.8381,43.20947,47.86923,OnTheLine,5960,4,True,8
325.9503,44.42075,50.01447,OnTheLine,5960,4,True,8
326.0619,44.96986,52.71613,CloseEnough,5960,4,True,8
326.1735,44.83015,54.4035,CloseEnough,5960,4,True,8
326.2845,44.00316,54.7048,CloseEnough,5960,4,True,8
326.3964,42.53177,53.66077,CloseEnough,5960,4,True,8
326.5069,40.41739,52.34949,NotOnTheLine,5960,4,True,8
326.6189,37.80008,50.23383,NotOnTheLine,5960,4,True,8
326.7301,34.7025,46.66562,NotOnTheLine,5960,4,True,8
326.8414,31.22357,41.12265,NotOnTheLine,5960,4,True,8
326.9531,27.4668,34.40192,CloseEnough,5960,4,True,8
327.064,23.54069,28.71677,CloseEnough,5960,4,True,8
327.1753,19.66484,23.52072,CloseEnough,5960,4,True,8
327.2892,15.80536,18.31519,OnTheLine,5960,4,True,8
327.414,12.03641,13.3179,OnTheLine,5960,4,True,8
327.5396,8.371414,9.408478,OnTheLine,5960,4,True,8
327.6939,4.907944,5.851532,OnTheLine,6000,4,True,8
327.8162,2.129189,3.010468,OnTheLine,6000,4,True,8
327.9288,0.7698476,2.350433,OnTheLine,6000,4,True,8
328.0522,0.08008808,2.167542,OnTheLine,6000,4,True,8
328.1785,0.1339026,2.243713,OnTheLine,6000,4,True,8
328.3174,1.20104,2.24118,OnTheLine,6000,4,True,8
328.4568,3.277352,1.991608,OnTheLine,6000,4,True,8
328.5965,6.288249,1.942444,OnTheLine,6000,4,True,8
328.7355,10.05442,3.633789,CloseEnough,6024,4,True,8
328.8749,14.42991,7.134674,CloseEnough,6024,4,True,8
329.0143,19.16964,12.94226,CloseEnough,6024,4,True,8
329.1542,24.08141,19.56219,CloseEnough,6024,4,True,8
329.2927,28.92031,25.70831,CloseEnough,6024,4,True,8
329.4176,33.05217,30.84338,OnTheLine,6024,4,True,8
329.5425,36.74763,35.40787,OnTheLine,6024,4,True,8
329.6564,39.83713,39.31662,OnTheLine,6024,4,True,8
329.7805,42.3007,44.05441,OnTheLine,6064,4,True,8
329.892,43.86678,46.11984,OnTheLine,6064,4,True,8
330.0042,44.76888,48.08319,OnTheLine,6064,4,True,8
330.1143,44.98938,50.69147,OnTheLine,6064,4,True,8
330.2262,44.52304,53.05341,CloseEnough,6064,4,True,8
330.3371,43.37394,54.30225,CloseEnough,6064,4,True,8
330.4488,41.60632,54.10434,NotOnTheLine,6064,4,True,8
330.5602,39.23899,52.3407,NotOnTheLine,6064,4,True,8
330.6719,36.3764,49.50763,NotOnTheLine,6064,4,True,8
330.7825,33.08588,45.10681,NotOnTheLine,6064,4,True,8
330.8941,29.47492,38.36047,NotOnTheLine,6064,4,True,8
331.0055,25.63631,29.09695,CloseEnough,6064,4,True,8
331.117,21.71459,21.35446,OnTheLine,6064,4,True,8
331.2283,17.80822,16.31085,OnTheLine,6064,4,True,8
331.3812,12.72456,10.88135,OnTheLine,6064,4,True,8
331.534,8.192107,6.428497,OnTheLine,6064,4,True,8
331.6468,5.366497,3.962677,OnTheLine,6064,4,True,8
331.7571,3.079154,2.345459,OnTheLine,6064,4,True,8
331.8687,1.398407,1.713165,OnTheLine,6104,4,True,8
331.9802,0.3639342,1.813446,OnTheLine,6104,4,True,8
332.0918,0.0002132356,1.610565,OnTheLine,6104,4,True,8
332.2034,0.3275581,1.844879,OnTheLine,6104,4,True,8
332.3147,1.327318,1.823151,OnTheLine,6104,4,True,8
332.4256,2.999602,1.788025,OnTheLine,6104,4,True,8
332.5375,5.21376,2.902618,OnTheLine,6104,4,True,8
332.6489,8.000094,4.60202,OnTheLine,6104,4,True,8
332.7606,11.22943,6.565002,OnTheLine,6104,4,True,8
332.8721,14.78287,8.832306,CloseEnough,6128,4,True,8
333.0248,20.11741,12.52383,CloseEnough,6128,4,True,8
333.1368,23.96599,15.0177,CloseEnough,6128,4,True,8
333.248,27.87474,17.67886,CloseEnough,6128,4,True,8
333.3595,31.58517,19.8439,NotOnTheLine,6128,4,True,8
333.4709,35.0381,21.13708,NotOnTheLine,6128,4,True,8
333.5822,38.09924,22.20538,NotOnTheLine,6128,4,True,8
333.6941,40.68036,22.11411,NotOnTheLine,6128,4,True,8
333.8054,42.71247,22.03244,NotOnTheLine,6128,4,True,8
333.9165,44.12574,21.80136,NotOnTheLine,6128,4,True,8
334.0271,44.87405,21.75281,NotOnTheLine,6128,4,True,8
334.1385,44.94753,21.62726,NotOnTheLine,6128,4,True,8
334.2501,44.33567,21.82196,NotOnTheLine,6128,4,True,8
334.3609,43.05009,21.18021,NotOnTheLine,6128,4,True,8
334.4728,41.15775,18.5191,NotOnTheLine,6128,4,True,8
334.5838,38.68181,14.4816,NotOnTheLine,6128,4,True,8
334.6967,35.71898,10.89679,NotOnTheLine,6128,4,True,8
334.8071,32.32162,6.993225,NotOnTheLine,6128,4,True,8
334.9073,28.64558,2.867767,NotOnTheLine,6128,4,True,8
335.0096,25.13393,-1.296265,NotOnTheLine,6128,4,True,8
335.1531,20.04642,-3.250122,NotOnTheLine,6128,4,True,8
335.3056,15.10111,-4.414673,NotOnTheLine,6128,4,True,8
335.4475,10.31638,-4.89917,NotOnTheLine,6128,4,True,8
335.5577,7.565895,-4.823029,NotOnTheLine,6128,4,True,8
335.7105,3.929691,-5.302216,CloseEnough,6128,4,True,8
335.8522,1.468041,-5.592499,CloseEnough,6152,4,True,8
335.9612,0.499949,-5.620331,CloseEnough,6152,4,True,8
